{
 "cells": [
  {
   "cell_type": "code",
   "execution_count": 28,
   "metadata": {
    "collapsed": false
   },
   "outputs": [],
   "source": [
    "import pandas as pd\n",
    "import os\n",
    "import numpy as np\n",
    "import scipy as sp\n",
    "import matplotlib.pyplot as plt\n",
    "import matplotlib as mat\n",
    "import pickle\n",
    "import sklearn as sk\n",
    "\n",
    "%matplotlib inline\n",
    "os.chdir('/Users/Eric/FamaFrench_IndustryFactorExposure')"
   ]
  },
  {
   "cell_type": "code",
   "execution_count": 29,
   "metadata": {
    "collapsed": false
   },
   "outputs": [
    {
     "data": {
      "text/plain": [
       "dict_keys(['industry_ret', 'factor_ret4', 'industry_BM', 'industry_avgBM', 'factor_ret', 'industry_compCount', 'industry_avgMktCap', 'industry_ret_ew'])"
      ]
     },
     "execution_count": 29,
     "metadata": {},
     "output_type": "execute_result"
    }
   ],
   "source": [
    "df_dic= pickle.load(open('df_dic.p', 'rb'))\n",
    "df_dic.keys()"
   ]
  },
  {
   "cell_type": "code",
   "execution_count": 30,
   "metadata": {
    "collapsed": false
   },
   "outputs": [],
   "source": [
    "# factor ret matrix\n",
    "factor_ret= df_dic['factor_ret'][['Mkt-RF', 'SMB', 'HML', 'RMW', 'CMA', 'MOM']]"
   ]
  },
  {
   "cell_type": "code",
   "execution_count": 31,
   "metadata": {
    "collapsed": false
   },
   "outputs": [
    {
     "data": {
      "text/html": [
       "<div>\n",
       "<table border=\"1\" class=\"dataframe\">\n",
       "  <thead>\n",
       "    <tr style=\"text-align: right;\">\n",
       "      <th></th>\n",
       "      <th>Mkt-RF</th>\n",
       "      <th>SMB</th>\n",
       "      <th>HML</th>\n",
       "      <th>RMW</th>\n",
       "      <th>CMA</th>\n",
       "      <th>MOM</th>\n",
       "    </tr>\n",
       "  </thead>\n",
       "  <tbody>\n",
       "    <tr>\n",
       "      <th>Mkt-RF</th>\n",
       "      <td>1.000000</td>\n",
       "      <td>0.211578</td>\n",
       "      <td>-0.205586</td>\n",
       "      <td>-0.376785</td>\n",
       "      <td>-0.377797</td>\n",
       "      <td>-0.196745</td>\n",
       "    </tr>\n",
       "    <tr>\n",
       "      <th>SMB</th>\n",
       "      <td>0.211578</td>\n",
       "      <td>1.000000</td>\n",
       "      <td>-0.124016</td>\n",
       "      <td>-0.460718</td>\n",
       "      <td>-0.046094</td>\n",
       "      <td>0.020771</td>\n",
       "    </tr>\n",
       "    <tr>\n",
       "      <th>HML</th>\n",
       "      <td>-0.205586</td>\n",
       "      <td>-0.124016</td>\n",
       "      <td>1.000000</td>\n",
       "      <td>0.347957</td>\n",
       "      <td>0.658215</td>\n",
       "      <td>-0.200155</td>\n",
       "    </tr>\n",
       "    <tr>\n",
       "      <th>RMW</th>\n",
       "      <td>-0.376785</td>\n",
       "      <td>-0.460718</td>\n",
       "      <td>0.347957</td>\n",
       "      <td>1.000000</td>\n",
       "      <td>0.202983</td>\n",
       "      <td>0.081509</td>\n",
       "    </tr>\n",
       "    <tr>\n",
       "      <th>CMA</th>\n",
       "      <td>-0.377797</td>\n",
       "      <td>-0.046094</td>\n",
       "      <td>0.658215</td>\n",
       "      <td>0.202983</td>\n",
       "      <td>1.000000</td>\n",
       "      <td>0.047783</td>\n",
       "    </tr>\n",
       "    <tr>\n",
       "      <th>MOM</th>\n",
       "      <td>-0.196745</td>\n",
       "      <td>0.020771</td>\n",
       "      <td>-0.200155</td>\n",
       "      <td>0.081509</td>\n",
       "      <td>0.047783</td>\n",
       "      <td>1.000000</td>\n",
       "    </tr>\n",
       "  </tbody>\n",
       "</table>\n",
       "</div>"
      ],
      "text/plain": [
       "          Mkt-RF       SMB       HML       RMW       CMA       MOM\n",
       "Mkt-RF  1.000000  0.211578 -0.205586 -0.376785 -0.377797 -0.196745\n",
       "SMB     0.211578  1.000000 -0.124016 -0.460718 -0.046094  0.020771\n",
       "HML    -0.205586 -0.124016  1.000000  0.347957  0.658215 -0.200155\n",
       "RMW    -0.376785 -0.460718  0.347957  1.000000  0.202983  0.081509\n",
       "CMA    -0.377797 -0.046094  0.658215  0.202983  1.000000  0.047783\n",
       "MOM    -0.196745  0.020771 -0.200155  0.081509  0.047783  1.000000"
      ]
     },
     "execution_count": 31,
     "metadata": {},
     "output_type": "execute_result"
    }
   ],
   "source": [
    "factor_ret.corr()"
   ]
  },
  {
   "cell_type": "code",
   "execution_count": 32,
   "metadata": {
    "collapsed": false
   },
   "outputs": [
    {
     "data": {
      "text/html": [
       "<div>\n",
       "<table border=\"1\" class=\"dataframe\">\n",
       "  <thead>\n",
       "    <tr style=\"text-align: right;\">\n",
       "      <th></th>\n",
       "      <th>Mkt-RF</th>\n",
       "      <th>SMB</th>\n",
       "      <th>HML</th>\n",
       "      <th>RMW</th>\n",
       "      <th>CMA</th>\n",
       "      <th>RF</th>\n",
       "      <th>MOM</th>\n",
       "    </tr>\n",
       "  </thead>\n",
       "  <tbody>\n",
       "    <tr>\n",
       "      <th>Mkt-RF</th>\n",
       "      <td>1.000000</td>\n",
       "      <td>0.211578</td>\n",
       "      <td>-0.205586</td>\n",
       "      <td>-0.376785</td>\n",
       "      <td>-0.377797</td>\n",
       "      <td>-0.034098</td>\n",
       "      <td>-0.196745</td>\n",
       "    </tr>\n",
       "    <tr>\n",
       "      <th>SMB</th>\n",
       "      <td>0.211578</td>\n",
       "      <td>1.000000</td>\n",
       "      <td>-0.124016</td>\n",
       "      <td>-0.460718</td>\n",
       "      <td>-0.046094</td>\n",
       "      <td>-0.103104</td>\n",
       "      <td>0.020771</td>\n",
       "    </tr>\n",
       "    <tr>\n",
       "      <th>HML</th>\n",
       "      <td>-0.205586</td>\n",
       "      <td>-0.124016</td>\n",
       "      <td>1.000000</td>\n",
       "      <td>0.347957</td>\n",
       "      <td>0.658215</td>\n",
       "      <td>0.016177</td>\n",
       "      <td>-0.200155</td>\n",
       "    </tr>\n",
       "    <tr>\n",
       "      <th>RMW</th>\n",
       "      <td>-0.376785</td>\n",
       "      <td>-0.460718</td>\n",
       "      <td>0.347957</td>\n",
       "      <td>1.000000</td>\n",
       "      <td>0.202983</td>\n",
       "      <td>0.055753</td>\n",
       "      <td>0.081509</td>\n",
       "    </tr>\n",
       "    <tr>\n",
       "      <th>CMA</th>\n",
       "      <td>-0.377797</td>\n",
       "      <td>-0.046094</td>\n",
       "      <td>0.658215</td>\n",
       "      <td>0.202983</td>\n",
       "      <td>1.000000</td>\n",
       "      <td>0.037334</td>\n",
       "      <td>0.047783</td>\n",
       "    </tr>\n",
       "    <tr>\n",
       "      <th>RF</th>\n",
       "      <td>-0.034098</td>\n",
       "      <td>-0.103104</td>\n",
       "      <td>0.016177</td>\n",
       "      <td>0.055753</td>\n",
       "      <td>0.037334</td>\n",
       "      <td>1.000000</td>\n",
       "      <td>0.103537</td>\n",
       "    </tr>\n",
       "    <tr>\n",
       "      <th>MOM</th>\n",
       "      <td>-0.196745</td>\n",
       "      <td>0.020771</td>\n",
       "      <td>-0.200155</td>\n",
       "      <td>0.081509</td>\n",
       "      <td>0.047783</td>\n",
       "      <td>0.103537</td>\n",
       "      <td>1.000000</td>\n",
       "    </tr>\n",
       "  </tbody>\n",
       "</table>\n",
       "</div>"
      ],
      "text/plain": [
       "          Mkt-RF       SMB       HML       RMW       CMA        RF       MOM\n",
       "Mkt-RF  1.000000  0.211578 -0.205586 -0.376785 -0.377797 -0.034098 -0.196745\n",
       "SMB     0.211578  1.000000 -0.124016 -0.460718 -0.046094 -0.103104  0.020771\n",
       "HML    -0.205586 -0.124016  1.000000  0.347957  0.658215  0.016177 -0.200155\n",
       "RMW    -0.376785 -0.460718  0.347957  1.000000  0.202983  0.055753  0.081509\n",
       "CMA    -0.377797 -0.046094  0.658215  0.202983  1.000000  0.037334  0.047783\n",
       "RF     -0.034098 -0.103104  0.016177  0.055753  0.037334  1.000000  0.103537\n",
       "MOM    -0.196745  0.020771 -0.200155  0.081509  0.047783  0.103537  1.000000"
      ]
     },
     "execution_count": 32,
     "metadata": {},
     "output_type": "execute_result"
    }
   ],
   "source": [
    "df_dic['factor_ret'].corr()\n",
    "# CMA and HML has 0.68 corr\n",
    "# RMW and SMB has -0.46 corr\n",
    "# MOM has no significant corr with others\n",
    "\n",
    "# CMA has high corr with HML. Full model may be redundant. Ridge may rescue.\n",
    "# RMW has similar problem, but mild\n"
   ]
  },
  {
   "cell_type": "code",
   "execution_count": 34,
   "metadata": {
    "collapsed": true
   },
   "outputs": [],
   "source": [
    "factor_ret4= df_dic['factor_ret4'][ ['Mkt-RF', 'SMB', 'HML', 'MOM']]"
   ]
  },
  {
   "cell_type": "code",
   "execution_count": 38,
   "metadata": {
    "collapsed": false
   },
   "outputs": [
    {
     "data": {
      "text/html": [
       "<div>\n",
       "<table border=\"1\" class=\"dataframe\">\n",
       "  <thead>\n",
       "    <tr style=\"text-align: right;\">\n",
       "      <th></th>\n",
       "      <th>Mkt-RF</th>\n",
       "      <th>SMB</th>\n",
       "      <th>HML</th>\n",
       "      <th>MOM</th>\n",
       "    </tr>\n",
       "  </thead>\n",
       "  <tbody>\n",
       "    <tr>\n",
       "      <th>Mkt-RF</th>\n",
       "      <td>1.000000</td>\n",
       "      <td>0.226626</td>\n",
       "      <td>-0.205586</td>\n",
       "      <td>-0.196745</td>\n",
       "    </tr>\n",
       "    <tr>\n",
       "      <th>SMB</th>\n",
       "      <td>0.226626</td>\n",
       "      <td>1.000000</td>\n",
       "      <td>-0.273098</td>\n",
       "      <td>0.060282</td>\n",
       "    </tr>\n",
       "    <tr>\n",
       "      <th>HML</th>\n",
       "      <td>-0.205586</td>\n",
       "      <td>-0.273098</td>\n",
       "      <td>1.000000</td>\n",
       "      <td>-0.200155</td>\n",
       "    </tr>\n",
       "    <tr>\n",
       "      <th>MOM</th>\n",
       "      <td>-0.196745</td>\n",
       "      <td>0.060282</td>\n",
       "      <td>-0.200155</td>\n",
       "      <td>1.000000</td>\n",
       "    </tr>\n",
       "  </tbody>\n",
       "</table>\n",
       "</div>"
      ],
      "text/plain": [
       "          Mkt-RF       SMB       HML       MOM\n",
       "Mkt-RF  1.000000  0.226626 -0.205586 -0.196745\n",
       "SMB     0.226626  1.000000 -0.273098  0.060282\n",
       "HML    -0.205586 -0.273098  1.000000 -0.200155\n",
       "MOM    -0.196745  0.060282 -0.200155  1.000000"
      ]
     },
     "execution_count": 38,
     "metadata": {},
     "output_type": "execute_result"
    }
   ],
   "source": [
    "factor_ret4.corr()"
   ]
  },
  {
   "cell_type": "code",
   "execution_count": 43,
   "metadata": {
    "collapsed": false
   },
   "outputs": [
    {
     "data": {
      "text/plain": [
       "1987-01-01    0.42\n",
       "1987-02-01    0.43\n",
       "1987-03-01    0.47\n",
       "1987-04-01    0.44\n",
       "1987-05-01    0.38\n",
       "Name: RF, dtype: float64"
      ]
     },
     "execution_count": 43,
     "metadata": {},
     "output_type": "execute_result"
    }
   ],
   "source": [
    "RF= df_dic['factor_ret']['RF']\n",
    "# note: the rets are monthly un-annualized perct ret. same for factor ret and industry ret\n",
    "\n",
    "RF.head()"
   ]
  },
  {
   "cell_type": "code",
   "execution_count": 47,
   "metadata": {
    "collapsed": false
   },
   "outputs": [
    {
     "data": {
      "text/html": [
       "<div>\n",
       "<table border=\"1\" class=\"dataframe\">\n",
       "  <thead>\n",
       "    <tr style=\"text-align: right;\">\n",
       "      <th></th>\n",
       "      <th>NoDur</th>\n",
       "      <th>Durbl</th>\n",
       "      <th>Manuf</th>\n",
       "      <th>Enrgy</th>\n",
       "      <th>Chems</th>\n",
       "      <th>BusEq</th>\n",
       "      <th>Telcm</th>\n",
       "      <th>Utils</th>\n",
       "      <th>Shops</th>\n",
       "      <th>Hlth</th>\n",
       "      <th>Money</th>\n",
       "      <th>Other</th>\n",
       "    </tr>\n",
       "  </thead>\n",
       "  <tbody>\n",
       "    <tr>\n",
       "      <th>2017-01-01</th>\n",
       "      <td>1.53</td>\n",
       "      <td>2.78</td>\n",
       "      <td>3.20</td>\n",
       "      <td>-4.32</td>\n",
       "      <td>3.76</td>\n",
       "      <td>4.64</td>\n",
       "      <td>3.38</td>\n",
       "      <td>1.09</td>\n",
       "      <td>1.00</td>\n",
       "      <td>2.21</td>\n",
       "      <td>0.64</td>\n",
       "      <td>1.67</td>\n",
       "    </tr>\n",
       "    <tr>\n",
       "      <th>2017-02-01</th>\n",
       "      <td>3.77</td>\n",
       "      <td>0.68</td>\n",
       "      <td>4.06</td>\n",
       "      <td>-2.36</td>\n",
       "      <td>4.25</td>\n",
       "      <td>4.98</td>\n",
       "      <td>-0.02</td>\n",
       "      <td>4.02</td>\n",
       "      <td>2.81</td>\n",
       "      <td>7.07</td>\n",
       "      <td>4.68</td>\n",
       "      <td>2.35</td>\n",
       "    </tr>\n",
       "    <tr>\n",
       "      <th>2017-03-01</th>\n",
       "      <td>0.87</td>\n",
       "      <td>0.05</td>\n",
       "      <td>-0.22</td>\n",
       "      <td>-1.21</td>\n",
       "      <td>0.86</td>\n",
       "      <td>2.20</td>\n",
       "      <td>0.87</td>\n",
       "      <td>0.32</td>\n",
       "      <td>0.80</td>\n",
       "      <td>-0.16</td>\n",
       "      <td>-2.09</td>\n",
       "      <td>-0.73</td>\n",
       "    </tr>\n",
       "    <tr>\n",
       "      <th>2017-04-01</th>\n",
       "      <td>0.52</td>\n",
       "      <td>1.72</td>\n",
       "      <td>2.69</td>\n",
       "      <td>-2.82</td>\n",
       "      <td>0.27</td>\n",
       "      <td>2.83</td>\n",
       "      <td>-0.05</td>\n",
       "      <td>0.36</td>\n",
       "      <td>2.70</td>\n",
       "      <td>1.11</td>\n",
       "      <td>0.26</td>\n",
       "      <td>0.27</td>\n",
       "    </tr>\n",
       "    <tr>\n",
       "      <th>2017-05-01</th>\n",
       "      <td>3.05</td>\n",
       "      <td>-0.53</td>\n",
       "      <td>1.63</td>\n",
       "      <td>-3.47</td>\n",
       "      <td>0.68</td>\n",
       "      <td>4.15</td>\n",
       "      <td>-1.79</td>\n",
       "      <td>2.58</td>\n",
       "      <td>1.62</td>\n",
       "      <td>-0.45</td>\n",
       "      <td>-0.80</td>\n",
       "      <td>0.54</td>\n",
       "    </tr>\n",
       "  </tbody>\n",
       "</table>\n",
       "</div>"
      ],
      "text/plain": [
       "            NoDur  Durbl  Manuf  Enrgy  Chems  BusEq  Telcm  Utils  Shops  \\\n",
       "2017-01-01   1.53   2.78   3.20  -4.32   3.76   4.64   3.38   1.09   1.00   \n",
       "2017-02-01   3.77   0.68   4.06  -2.36   4.25   4.98  -0.02   4.02   2.81   \n",
       "2017-03-01   0.87   0.05  -0.22  -1.21   0.86   2.20   0.87   0.32   0.80   \n",
       "2017-04-01   0.52   1.72   2.69  -2.82   0.27   2.83  -0.05   0.36   2.70   \n",
       "2017-05-01   3.05  -0.53   1.63  -3.47   0.68   4.15  -1.79   2.58   1.62   \n",
       "\n",
       "            Hlth   Money  Other  \n",
       "2017-01-01   2.21   0.64   1.67  \n",
       "2017-02-01   7.07   4.68   2.35  \n",
       "2017-03-01  -0.16  -2.09  -0.73  \n",
       "2017-04-01   1.11   0.26   0.27  \n",
       "2017-05-01  -0.45  -0.80   0.54  "
      ]
     },
     "execution_count": 47,
     "metadata": {},
     "output_type": "execute_result"
    }
   ],
   "source": [
    "industry_ret= df_dic['industry_ret']\n",
    "industry_ret.tail()"
   ]
  },
  {
   "cell_type": "code",
   "execution_count": 52,
   "metadata": {
    "collapsed": false
   },
   "outputs": [
    {
     "data": {
      "text/plain": [
       "(array([   4.,    1.,    7.,   14.,   58.,   97.,  119.,   47.,   12.,    6.]),\n",
       " array([-22.53 , -18.574, -14.618, -10.662,  -6.706,  -2.75 ,   1.206,\n",
       "          5.162,   9.118,  13.074,  17.03 ]),\n",
       " <a list of 10 Patch objects>)"
      ]
     },
     "execution_count": 52,
     "metadata": {},
     "output_type": "execute_result"
    },
    {
     "data": {
      "image/png": "iVBORw0KGgoAAAANSUhEUgAAAXoAAAEACAYAAAC9Gb03AAAABHNCSVQICAgIfAhkiAAAAAlwSFlz\nAAALEgAACxIB0t1+/AAAETtJREFUeJzt3W2sZVV9x/HvD0ZBQXH6MHdSB8FHHkwrIUZMNOmJKCBN\ngDSGYFsi2vrGWo0mFkZfcG2aCiatsW14UaVkNKJBjQKJhGEynDSmJagDBWGcTmsYEJ2LFpGYohn1\n3xdnS44zdx7uOfeefWbN95PcsM86Z9/1v4t9frPuOnvvm6pCktSu4/ouQJK0tgx6SWqcQS9JjTPo\nJalxBr0kNc6gl6TGHTbok9yYZCnJA2NtH0+yM8n9Sb6c5IVjz21Osrt7/oK1KlySdGSOZEZ/E3Dh\nfm1bgVdX1TnAbmAzQJKzgcuBs4C3AjckyeqVK0laqcMGfVV9Hfjxfm3bqupX3cN7gE3d9iXAF6rq\nF1X1CKN/BF63euVKklZqNdbo3wV8rdt+MfDY2HOPd22SpJ5MFfRJPgLsq6rPr1I9kqRVtm7SHZNc\nBVwMvGms+XHg1LHHm7q25fb3JjuSNIGqWtFnn0c6o0/3NXqQXAR8CLikqn4+9rrbgCuSPDfJS4FX\nAPceoti5+7r22mt7r8Gajq2aFhZOW8l7dtUsLJzW+/i08P9v1l+TOJLTK28G/h14VZJHk7wT+Cfg\nZOCuJDuS3ABQVQ8DtwAPM1q3f09NWpl0jFha2gPUjL+u7frVseCwSzdV9SfLNN90iNd/DPjYNEVJ\nklaPV8buZzAY9F3CAazpyFjTSgz6LuAA8zhW81jTJNLXykoSV3UkYHRNYR/vhUy85qv+JKHW6MNY\nSdJRyqCXpMYZ9JLUOINekhpn0EtS4wx6SWqcQS9JjTPoJalxBr0kNc6gl6TGGfSS1DiDXpIaZ9BL\nUuMMeklqnEEvSY0z6CWpcQa9JDXOoJekxhn0ktQ4g16SGmfQS1LjDHpJapxBL0mNM+glqXEGvSQ1\nzqCXpMYdNuiT3JhkKckDY23rk2xNsivJnUlOGXtuc5LdSXYmuWCtCpckHZkjmdHfBFy4X9s1wLaq\nOgPYDmwGSHI2cDlwFvBW4IYkWb1yJUkrddigr6qvAz/er/lSYEu3vQW4rNu+BPhCVf2iqh4BdgOv\nW51SJUmTmHSNfkNVLQFU1V5gQ9f+YuCxsdc93rVJknqyWh/G1ip9H0nSKls34X5LSRaqainJRuCJ\nrv1x4NSx123q2pa1uLj47PZgMGAwGExYjiS1aTgcMhwOp/oeqTr8ZDzJ6cDtVfX73ePrgSer6vok\nVwPrq+qa7sPYzwHnMVqyuQt4ZS3TSZLlmqVjzuh8hT7eC8H34NEnCVW1opNcDjujT3IzMAB+O8mj\nwLXAdcAXk7wL2MPoTBuq6uEktwAPA/uA95jmktSvI5rRr0nHzuglwBm9VmaSGb1XxkpS4yb9MFZq\n0saNp7O0tKfvMqRV5dKNNKafZRSXbnTkXLqRJB3AoJekxhn0ktQ4g16SGmfQS1LjDHpJapxBL0mN\nM+glqXEGvSQ1zqCXpMYZ9JLUOINekhpn0EtS4wx6SWqcQS9JjTPoJalxBr0kNc6gl6TGGfSS1DiD\nXpIaZ9BLUuMMeklqnEEvSY0z6CWpcQa9JDXOoJekxk0V9Ek+kOTbSR5I8rkkz02yPsnWJLuS3Jnk\nlNUqVpK0chMHfZLfA/4KOLeq/gBYB7wduAbYVlVnANuBzatRqCRpMtMu3RwPnJRkHfA84HHgUmBL\n9/wW4LIp+5AkTWHioK+q7wN/DzzKKOB/UlXbgIWqWupesxfYsBqFSpIms27SHZO8iNHs/TTgJ8AX\nk/wpUPu9dP/Hz1pcXHx2ezAYMBgMJi1Hkpo0HA4ZDodTfY9UHTSHD71j8jbgwqp6d/f4SuD1wJuA\nQVUtJdkI3F1VZy2zf03at7RWknCIucla9dpDn6N+fQ8efZJQVVnJPtOs0T8KvD7JiRm9O84HHgZu\nA67qXvMO4NYp+pAkTWniGT1AkmuBK4B9wH3AXwAvAG4BTgX2AJdX1VPL7OuMXnPHGb3m3SQz+qmC\nfhoGveaRQa95N+ulG0nSUcCgl6TGGfSS1DiDXpIaZ9BLUuMMeklqnEEvSY0z6CWpcQa9JDXOoJek\nxhn0ktQ4g16SGmfQS1LjDHpJapxBL0mNM+glqXEGvSQ1zqCXpMYZ9JLUOINekhpn0EtS4wx6SWqc\nQS9JjTPoJalxBr0kNc6gl6TGGfSS1DiDXpIaN1XQJzklyReT7EzyUJLzkqxPsjXJriR3JjlltYqV\nJK3ctDP6TwJfq6qzgNcA3wGuAbZV1RnAdmDzlH1IkqaQqppsx+SFwH1V9fL92r8D/GFVLSXZCAyr\n6sxl9q9J+5bWShJg1sdlH32O+vU9ePRJQlVlJftMM6N/KfCjJDcl2ZHkX5I8H1ioqiWAqtoLbJii\nD0nSlNZNue+5wF9W1TeTfILRss3+U4SDThkWFxef3R4MBgwGgynKkaT2DIdDhsPhVN9jmqWbBeA/\nqupl3eM3Mgr6lwODsaWbu7s1/P33d+lGc8elG827mS7ddMszjyV5Vdd0PvAQcBtwVdf2DuDWSfuQ\nJE1v4hk9QJLXAJ8GngN8F3gncDxwC3AqsAe4vKqeWmZfZ/SaO87oNe8mmdFPFfTTMOh1KBs3ns7S\n0p6eejfoNb8MejWjn5k19BO6Br2O3KxPr5QkHQUMeklqnEEvSY0z6CWpcQa9JDXOoJekxhn0ktQ4\ng16SGmfQS1LjDHpJapxBL0mNM+glqXEGvSQ1zqCXpMYZ9JLUOINekhpn0EtS4wx6SWrcur4LkNSX\nE7o/2Tg7CwunsXfvIzPtU/7NWM0p/2Zsq/36d2qn5d+MlSQdwKCXpMYZ9JLUOINekhpn0EtS4wx6\nSWqcQS9JjZs66JMcl2RHktu6x+uTbE2yK8mdSU6ZvkxJ0qRWY0b/fuDhscfXANuq6gxgO7B5FfqQ\nJE1oqqBPsgm4GPj0WPOlwJZuewtw2TR9SJKmM+2M/hPAh/jN66gXqmoJoKr2Ahum7EOSNIWJb2qW\n5I+Apaq6P8ngEC896I0tFhcXn90eDAYMBof6NpJ07BkOhwyHw6m+x8Q3NUvyd8CfAb8Ange8APgK\n8FpgUFVLSTYCd1fVWcvs703NdFDe1KzVfr2p2bRmelOzqvpwVb2kql4GXAFsr6orgduBq7qXvQO4\nddI+JEnTW4vz6K8D3pJkF3B+91iS1BPvR6+55NJNq/26dDMt70cvSTqAQS9JjTPoJalxBr0kNc6g\nl6TGGfSS1DiDXpIaZ9BLUuMMeklqnEEvSY0z6CWpcQa9JDXOoJekxhn0ktQ4g16SGmfQS1LjDHpJ\napxBL0mNM+glqXEGvSQ1zqCXpMYZ9JLUOINekhpn0EtS4wx6SWqcQS9JjTPoJalxBr0kNW7ioE+y\nKcn2JA8leTDJ+7r29Um2JtmV5M4kp6xeuZKklUpVTbZjshHYWFX3JzkZ+BZwKfBO4H+r6uNJrgbW\nV9U1y+xfk/at9iUB+jg++uj32PpZfd9PJwlVlZXsM/GMvqr2VtX93fZPgZ3AJkZhv6V72Rbgskn7\nkCRNb1XW6JOcDpwD3AMsVNUSjP4xADasRh+SpMlMHfTdss2XgPd3M/v9fy/z9zRJ6tG6aXZOso5R\nyH+2qm7tmpeSLFTVUreO/8TB9l9cXHx2ezAYMBgMpilHkpozHA4ZDodTfY+JP4wFSPIZ4EdV9cGx\ntuuBJ6vqej+M1aT8MLbVfv0wdlqTfBg7zVk3bwD+DXiQ0dFSwIeBe4FbgFOBPcDlVfXUMvsb9Doo\ng77Vfg36ac006Kdl0OtQDPpW+zXopzXT0yslSUcHg16SGmfQS1LjDHpJapxBL0mNM+glqXEGvSQ1\nbqpbIOjYsHHj6Swt7em7DEkT8oIpHVY/Fy8dWxcRHUs/q+/76XjBlCTpAC7dSJqhE7rfEGdrYeE0\n9u59ZOb9zguXbnRYLt202Gdf/fb3s7aSNy7dSJIOYNBLUuMMeklqnEEvSY0z6CWpcQa9JDXOoJek\nxhn0ktQ4r4w9yniDMUkr5ZWxR5lj5ypVrxZts1+vjJ3WJFfGOqOXdAyY/T125un+Os7ojzLO6Fvs\n15+1zX7X5reIY3JG//TTT/PEE0/MvN9NmzZx4oknzrxfSVqpo35Gf955b+bBB7/D8cfPLnT37Xua\nK6+8gk996h9n1uevOaNvsV9/1jb7dUa/ap588imeeearwGtn2Otn+NGPts2wP0manOfRS1Lj1izo\nk1yU5DtJ/ivJ1WvVjyTp0NYk6JMcB/wzcCHwauDtSc5ci75W37DvAg4wHA77LmEZw74LWMaw7wKW\nMey7gIMY9l3AMoZ9F7CMYd8FrIq1mtG/DthdVXuqah/wBeDSNeprlQ37LuAABv2RGvZdwDKGfRdw\nEMO+C1jGsO8CljHsu4BVsVYfxr4YeGzs8fcYhX8z7rjj9plegPHRj350Zn1JastRf9bNCSc8h5NO\n+gDHH/+iVfl+P/vZLk488VuHfM2+fY/xzDNPMbvTtRa7LxidJiZJR25NzqNP8npgsaou6h5fA1RV\nXT/2Gi+LlaQJrPQ8+rUK+uOBXcD5wA+Ae4G3V9XOVe9MknRIa7J0U1W/TPJeYCujD3xvNOQlqR+9\n3QJBkjQbM78yNsnHk+xMcn+SLyd5Ydd+WpL/S7Kj+7qh75q65zYn2d09f8EMa3pbkm8n+WWSc8fa\n+xynZWvqnutlnJap8dok3xsbn4t6rGXuLhpM8kiS/0xyX5J7e6rhxiRLSR4Ya1ufZGuSXUnuTHLK\nnNTV6/GUZFOS7UkeSvJgkvd17Ssbr6qa6RfwZuC4bvs64GPd9mnAA7Ou5zA1nQ3cx2iJ63Tgv+l+\nC5pBTWcArwS2A+eOtfc5Tger6ay+xmmZGq8FPthH3/vVcVw3DqcBzwHuB86cg7q+C6zvuYY3AueM\nH8fA9cBfd9tXA9fNSV29Hk/ARuCcbvtkRp99nrnS8Zr5jL6qtlXVr7qH9wCbxp7u5dzBQ9R0CfCF\nqvpFVT0C7GZG1wNU1a6q2s3yY9LXOB2spkvpaZwOYh7OQZ3XiwZDz/e4qqqvAz/er/lSYEu3vQW4\nbKZFcdC6oMfjqar2VtX93fZPgZ2M8mlF49X3Tc3eBdwx9vj07teju5O8sceavtZt73/h1+NdW9/m\nYZzGzds4vbdbhvt0H0sAneUuGpyHY6eAu5J8I8m7+y5mzIaqWoJRuAEbeq5n3DwcTyQ5ndFvHPcA\nCysZrzU56ybJXcDCeBOjA+wjVXV795qPAPuq6ubuNd8HXlJVP+7Wf7+a5OzuX7FZ1/T51ehzNWpa\nRu/j1LdD1QjcAPxNVVWSvwX+Afjz2Vc5t95QVT9I8ruMAn9nN5OdN/NylshcHE9JTga+BLy/qn66\nzHVIhxyvtTq98i2Hej7JVcDFwJvG9tlH92tTVe1I8j/Aq4AdfdXEaGZ66tjjTV3bqjhcTQfZp9dx\nOog1Haf9raDGTwF9/eP0OPCSscdrOiZHqqp+0P33h0m+wmiJaR6CfinJQlUtJdkIzP7Pxi2jqn44\n9rCX4ynJOkYh/9mqurVrXtF49XHWzUXAh4BLqurnY+2/0931kiQvA17B6IOj3moCbgOuSPLcJC/t\naurjTIVn1wj7HKeD1cT8jBPdQf9rfwx8u486gG8Ar+jOknoucAWjcepNkud3M0OSnARcQH/jEw48\nhq7qtt8B3Lr/DjPyG3XNyfH0r8DDVfXJsbaVjVcPnyLvBvYwmoHuAG7o2n89iDuAbwIX911T99xm\nRmdP7AQumGFNlzFa432G0dXFd8zBOC1bU5/jtEyNnwEeYHSWy1cZrWX2VctFjM6S2A1c01cdY/W8\ntBuX+4AH+6oJuJnREuTPgUeBdwLrgW3deG0FXjQndfV6PAFvAH459v9tR3dc/dZKxssLpiSpcX2f\ndSNJWmMGvSQ1zqCXpMYZ9JLUOINekhpn0EtS4wx6SWqcQS9Jjft/6LqN8NbJolQAAAAASUVORK5C\nYII=\n",
      "text/plain": [
       "<matplotlib.figure.Figure at 0x117918940>"
      ]
     },
     "metadata": {},
     "output_type": "display_data"
    }
   ],
   "source": [
    "y= industry_ret['Money']\n",
    "y= y- RF\n",
    "plt.hist(y)\n"
   ]
  },
  {
   "cell_type": "code",
   "execution_count": 58,
   "metadata": {
    "collapsed": false
   },
   "outputs": [
    {
     "data": {
